0.029375253053019384  88.7821382164478
0.03117552862877113  88.70217332611443
0.03308613490168484  88.57160345232835
0.03498353831163275  88.0680754140258
0.03659462326770466  87.65383868561275
0.03861977877398187  87.89053814217885
0.04034162631670761  89.10208230726371
0.04214024175025276  90.12385778440095
0.04432557734974016  89.96859403116167
0.04559901415546754  89.4027778273772
0.04804359735239967  89.09016365024785
0.050868763732343426  88.51695983805074
0.05377854932792995  88.70293409145586
0.05695327649379114  89.36592297305864
0.06078705932212708  89.60004548797612
0.0642844174180332  89.96221205524184
0.0675511199862467  90.20553017027845
0.06815651650238588  89.45343755373277
0.0706328469327452  88.63794970383353
0.07442309796570638  89.0499583546276
0.07916230783407524  89.04344702298472
0.08422228088355158  88.68182285323095
0.08828308443113086  87.97836427437377
0.09369355290833976  88.08057732447008
0.09676140257542144  89.15626570547057
0.09866409311715783  90.16342241241188
0.10422992306187097  89.92924555711286
0.10804368231832262  89.2815806631019
0.1087151908188306  88.35129144474672
0.11095328276948255  90.65664523342181
0.11144322033028278  89.37435177001616
0.11311278765939217  91.76442288436745
0.12012999024537808  91.41873352834605
0.12563466034720758  90.72560933738136
0.13255545309221026  90.65294472052642
0.13285444556713483  91.68099228525641
0.13860272087670825  92.29456362137329
0.13929144381032094  91.29477708025301
0.14038064367793546  89.51042008537051
0.14067917356549095  90.31995491292956
0.14896475455214483  90.18953872911146
0.15714711813579296  91.16636270826768
0.1600293334311062  92.4618756435014
0.16360208180343014  89.86571396660437
0.16404500723906185  88.49401947574873
0.16709317105034183  91.17934603424021
0.17280893775379766  90.53997106732287
0.1775848707208595  91.33513990809043
0.18522678075369434  91.95850257591654
0.1873505413344299  89.06565010035706
0.18753636295200354  90.42685653164867
0.1970662854914722  92.12886329470925
0.19902961317791457  89.41069944744042
0.19947854496637854  90.51465448734946
0.20852250329729796  90.72831120701822
0.21170367718026287  91.97354113928213
0.214126190300798  93.2769934421111
0.2149998052058895  94.49123530524798
0.2241723882054447  92.91963096709411
0.2256055895055209  91.74443769960428
0.22951304151279708  90.89066275735522
0.23861950413167066  90.32439552840403
0.24082312602085226  92.37189016725655
0.24267501491609478  91.01653420074557
0.2529924797386291  90.08509256378056
0.2537460102284024  92.56706413137758
0.2537460102284024  89.16640924335641
0.25500688516254216  91.69632029806168
0.2625188451653747  90.90996264952909
0.2710826220476154  90.08965903426214
0.2719798941803753  89.00986064198494
0.27715135119360795  91.5666577073865
0.28438779754263094  92.80219133957137
0.2924889755444848  89.71337134735627
0.2935540905084626  91.63105226706512
0.29484570071534083  90.68516252895431
0.3024584669647908  93.0148675172445
0.30331637136986733  93.82254672140459
0.3048235635792357  95.47952181155085
0.3048235635792357  99.9707140929776
0.3048235635792357  94.56863210940233
0.306338245092085  97.35156808137106
0.306338245092085  96.62622998521576
0.3078604531230894  99.04649690910684
0.3078604531230894  98.13560720695831
0.31208563981449633  92.01780000780752
0.31872981694707175  97.50067808829293
0.32031359923625846  94.04654984971691
0.32031359923625846  94.95743955186543
0.32031359923625846  98.03169229661671
0.32031359923625846  96.13400541714061
0.32190525140835596  93.06700530197773
0.32190525140835596  87.02477027772585
0.3223614601281931  89.44286895330694
0.3226151887298833  90.70191546731974
0.3251123220187603  92.08459238713638
0.3267278192525669  88.16236805162293
0.3416333593082512  88.08341751507814
0.34675148038860515  89.20583379393939
0.3547485842950109  90.60097599475796
0.3625705131606656  91.77984951490217
0.3661827227529897  92.48131742444926
0.3758792624265432  90.49213890704225
0.38588224480363875  91.67529258301579
0.40005065157695635  90.34403497829531
0.40635369832554613  91.91756212994953
0.4144908552608602  90.04382527048168
0.4244708170442772  91.06695321933702
0.43340020329231654  92.29902959569246
0.4355537877064737  93.5321879494224
0.4355537877064737  94.44307765157092
0.4398931134729603  90.87475008229681
0.4554240407015065  92.66042600545202
0.4622468971928458  93.49017679667854
0.4632895426713516  94.38366110995476
0.4738462253789197  95.72775672481268
0.4842941640945556  92.91769242429814
0.48573661969260945  92.04455358898143
0.4916824503568467  94.17258330794849
0.5015282996191514  96.03441431789781
0.502886104105144  94.96462455786791
0.5078962468033457  93.8253361943232
0.5104200052898795  98.2276316367782
0.5104200052898795  97.31674193462968
0.5232281586599713  95.41736446550595
0.5337057048408862  96.32690169593636
0.5443930619277249  97.86900121952547
0.552548792421645  96.19169678886634
0.553723828555893  99.13296654437019
0.5608267065812679  100.2896860947461
0.5748997334953616  98.11830683956414
0.5835124944126512  101.67229257332743
0.5864119933143288  102.74731035376769
0.5893258999518498  98.93894723102281
0.592254285917879  99.69768386488371
0.5943548949150105  100.55953439161033
0.6041140674086952  103.73207882351808
0.6054767088990128  105.03385334419674
0.6071159364204335  98.44351993478185
0.6131644978163211  100.11280815286176
0.6162113388094272  109.27197203987015
0.6162113388094272  107.4501926355731
0.6162113388094272  108.36108233772163
0.6162113388094272  106.53930293342458
0.6176012669411585  110.53924316274015
0.6186597087154714  101.59239530657996
0.6192733196876222  105.75458757197828
0.6223505156816512  102.76855543033969
0.6379673817374382  105.49953394713762
0.641137469336875  104.20876875116436
0.641137469336875  103.29787904901583
0.6539761274482737  101.68349272974304
0.6793065577015096  101.40889870622509
0.680429867079397  102.91428425796627
0.6811047441181584  104.09837324717346
0.7107665632444499  102.3268212613078
0.7221303170637465  103.66930159460237
0.7221303170637465  104.5801912967509
0.7402509936796496  100.89698816091965
0.7513409359006793  101.46527987097389
0.7543262112774557  102.51253253410107
0.7663863978530187  103.81705912980613
0.7865917369601729  100.72205439713008
0.7945690231656514  101.79762564441927
0.7973872025838332  102.77695202558964
0.7973872025838332  103.81435418636991
0.8296420090775315  100.52865094144005
0.8462554353999977  102.87410457734069
0.8462554353999977  101.96321487519216
0.8653435278335785  99.39665324575078
0.8736553785895059  98.36447279311433
0.8804869921952644  100.61947787025952
0.8848621702612998  99.65764506672876
0.9115735879673684  99.55440639224621
0.9198260493619692  97.57329659815747
0.9252301700011498  98.76901479494083
0.9674397846927566  94.16091823937978
0.9674397846927566  96.16297789722705
0.9761100284333002  97.4243310598055
0.9854160400566  98.59482770824565
0.9939530180865951  94.7180290042644
1.0166015902466046  98.78789304600616
1.0166015902466046  97.87700334385764
1.026729766373915  96.889529930671
1.0318316311299005  95.92769712714026
1.0566757021507591  94.77734103670234
1.0937117451896514  93.78250087912612
1.0994188891357322  95.82215925073692
1.1466483672239196  93.05408919706976
1.1533108594136616  94.37665284741546
1.1564332568134597  92.80771393242033
1.1564332568134597  95.74280297267669
1.2212374066506673  93.62632561630183
1.2260897044359627  94.81274198392393
1.2693781974631106  93.2163181796573
1.29333112467229  95.10622351649812
1.2999418292986358  94.24703687603056
1.3367345903035368  92.90098679767232
1.379609348109809  95.03241720273829
1.379609348109809  93.90898657008844
1.417035148928624  92.38901122968812
1.438264215908556  95.42429588306128
1.4598113224834683  94.43648435194513
1.4598113224834683  93.5255946497966
1.5038787844198167  92.41341911772592
1.5168097278968744  91.3906719357662
1.5492765149817076  93.92637710226383
1.5508131482149623  93.05084326494628
1.6141262727376533  91.959186496274
1.6340686281213  90.87062927003069
1.6483046715183423  93.55526449811268
1.7107345268832412  92.04723035592353
1.7277781954763058  91.12301317205278
1.7711339571780687  90.4096900026016
1.8245993448209996  89.7434708872078
1.8336658581295722  91.9159842462784
1.8796786971582577  91.11726516725079
1.9306702917133391  89.90091972756665
1.9850120393280437  91.2527095745209
1.9899377333874457  89.03540967803491
2.0550951494890466  90.32258471904811
2.1171325003993076  89.25785135896433
2.170258470167128  90.68996863380974
2.2247175490640343  88.52913208351376
2.2468819164884186  89.87792207305992
2.3147087526043877  88.13845560027353
2.372792574561198  90.12722769309859
2.372792574561198  89.21633799095007
2.444420287575809  87.22806368285458
2.453090163625577  88.25257308496487
2.4687735046465527  86.35445148243653
2.5307233290182944  89.44809904731211
2.5956568437680145  88.01256302451259
2.620073397602588  86.94500262285138
2.620073397602588  89.91804540069725
2.6751906080820222  88.70210570252853
2.7434854900200896  86.54244505125412
2.7668969414970093  87.65397017591869
2.7806457724470675  86.30838291453833
2.87027062275602  88.90984535843054
2.9300055608193727  87.61632637976457
2.951058897396788  85.95009061521513
2.9952696758252038  89.14984146480955
3.1010210821107913  88.23658493715433
3.1010210821107913  87.32569523500581
3.124163434025551  86.22452966801538
3.160879421547411  85.220669610887
3.2424917228987837  88.0311219419778
3.291068551793492  87.19512536121974
3.330453470580571  85.14987254669995
3.3356458011779258  86.38814251898593
3.4275905644918545  84.95055202724319
3.5275607906167736  87.08918174330095
3.5275607906167736  86.17829204115243
3.5981995367888664  85.12941641196352
3.67632198422689  84.09223590627039
3.7437489378938302  86.37665455980887
3.8187168113488714  85.3378999273105
3.8951859024719786  84.42565775344386
3.8951859024719786  83.24909188816869
3.9731862728666467  86.04366475221201
4.052748586114379  85.13142257834538
4.132328214019925  83.73845907074964
4.2798563115967605  82.61371999602414
4.301123103299832  85.30448260527547
4.4090527373262685  84.55004288676899
4.519690688604109  82.32805864813432
4.542149227732259  83.35247144512189
4.587401652887173  84.71812976248562
4.679263514434589  83.46430395031328
