"Liu Measurement SPL-3.5NPR (X = 2.2D, Y = 1D)"			"Liu LES SPL-3.5NPR (X = 2.2D, Y = 1D)"			"Liu LES SPL-3.5NPR w/wallfunc (X = 5D, Y = 2.3D)"			"Liu Experiment SPL-3.5NPR (X = 5D, Y = 2.3D)"			"Liu LES SPL-3.5NPR w/slipwall (X = 5D, Y = 2.3D)"	
101.93	108.085		103.74	118.771		0.010182879	105.4859352		0.010637565	110.7957483		0.010748616	106.477986
110.73	108.343		112.07	118.774		0.010841812	105.2250972		0.011405564	110.6553397		0.011526061	106.7692857
122.62	108.092		113.82	118.302		0.011525129	105.470636		0.012228611	110.4013237		0.012359738	107.0605853
134.92	108.35		122.95	118.305		0.012151362	105.6406243		0.013111992	110.397244		0.013253888	107.3973279
150.36	107.846		132.83	118.308		0.012949945	105.8001437		0.014059187	110.3931644		0.014212446	107.6659061
165.44	108.357		134.89	117.836		0.013820887	105.9338057		0.015073627	110.1164269		0.015240429	107.9572058
182.03	108.615		145.72	117.839		0.014572766	106.3754731		0.016162528	110.1123472		0.01634266	108.2257839
200.29	108.618		157.42	117.842		0.015503766	107.027184		0.017330091	110.1082675		0.017524721	108.5170836
220.38	109.384		162.36	117.371		0.016523509	107.6147897		0.018582845	110.2632383		0.018791912	108.7402188
240.95	109.642		172.71	118.317		0.01754938	108.0679231		0.019926938	110.5545379		0.020150075	108.8497465
266.81	110.408		186.6	119.737		0.018558897	108.672571		0.021368249	110.8458375		0.02160668	109.0047172
291.71	110.919		198.51	121.156		0.019656451	109.2014237		0.02291366	111.1144157		0.023167673	109.0233591
323.02	111.177		211.17	122.103		0.020865868	109.6428502		0.024571161	111.4284368		0.02484452	109.4737091
350.92	111.689		224.64	123.05		0.022244099	110.2888467		0.026348387	111.7197365		0.026644647	110.1739955
391.07	111.947		238.95	122.58		0.023589943	110.7010274		0.028254345	112.0337576		0.02857334	110.647067
430.29	112.713		258.14	122.583		0.025053086	110.5100865		0.030298766	112.4159432		0.030637245	110.6202659
473.45	113.478		266.23	122.112		0.026605741	110.4748094		0.032490481	112.7299644		0.032849587	110.5253003
520.94	114.244		287.6	122.114		0.028253059	110.6243831		0.034841419	113.1121499		0.03522697	110.9529288
569.55	115.264		305.91	120.7		0.029993382	111.7760428		0.037361248	113.3807281		0.037777393	111.4714433
634.72	115.522		330.45	119.758		0.031842574	112.7525806		0.040063056	113.6265848		0.040501104	111.012934
689.5	116.288		335.6	119.759		0.033507949	112.2066634		0.042960528	113.8951629		0.043359344	110.6510759
758.7	117.562		357.01	121.178		0.034605997	110.8847536		0.046067853	114.1864626		0.046847316	111.8905726
834.8	118.582		379.8	122.597		0.036388189	109.7295803		0.049399609	114.4550408		0.049749477	113.0069204
930.3	119.602		410.32	123.544		0.038448435	109.6798457		0.052972672	114.7463404		0.05357808	113.836801
979	122.399		436.5	124.491		0.040939226	110.1214576		0.056804174	115.0376401		0.057448124	113.8099999
1017.1	123.417		450.2	124.965		0.043556964	110.5980466		0.060912807	115.3289397		0.061598511	113.8286417
1063.5	121.894		478.86	123.55		0.046155272	111.1794662		0.06531606	115.4839104		0.066235469	113.5574146
1155.4	119.864		501.51	121.663		0.049001895	112.0879011		0.070036245	115.5707167		0.067578019	114.9740972
1263.2	120.376		509.29	120.719		0.05201803	113.3854956		0.075102441	115.8847378		0.070462893	116.4792362
1372.3	120.633		533.5	122.609		0.055221258	114.5955292		0.080535635	116.2214805		0.070833432	114.5021269
1510	123.178		550.3	124.5		0.058356453	114.2194343		0.086363576	116.6263875		0.075951348	114.5434902
1558.9	126.228		576.49	126.863		0.061459909	114.066904		0.092611443	116.9631302		0.0814518	115.1301692
1599.1	128.516		613.19	125.92		0.064871365	114.5149357		0.099311952	117.3225943		0.0873449	115.4896333
1661.4	132.329		652.2	124.034		0.069187146	114.5313432		0.106500027	117.7729443		0.093457668	114.9024822
1715.2	135.888		672.6	122.146		0.073479266	114.3014863		0.114217306	118.4959522		0.100415116	115.3087907
1748.3	138.684		683	121.674		0.077669918	114.6365196		0.122481016	118.8554163		0.101069009	116.9707554
1804.9	139.956		715.5	123.093		0.082450117	114.4310461		0.131340898	119.1694374		0.10746416	118.7949012
1863.4	136.908		749.5	125.456		0.084129464	114.0178041		0.140839837	119.4380156		0.107715777	116.817962
1887.3	128.522		797.2	124.041		0.0878909	115.182114		0.151027737	119.7520367		0.115270477	116.7231097
1899.3	131.318		848	122.626		0.092539933	113.7025091		0.161952597	120.0660579		0.118734414	118.0387745
1998.7	126.745		874.6	122.155		0.093007217	115.1356547		0.17366546	120.334636		0.123866267	117.5368902
2076.6	131.829		930.3	122.63		0.095270661	116.973269		0.186223	120.5577712		0.12723367	118.8428114
2185.2	132.848		959.5	121.686		0.09666947	118.4919011		0.199663812	120.3491982		0.132828953	117.9190758
2284.8	130.308		1020.7	122.633		0.099196564	115.96388		0.214071933	120.0951822		0.136830643	120.0759171
2358.8	128.022		1052.7	123.579		0.101181791	116.7142252		0.229558704	120.4319248		0.14230761	117.9507499
2546.3	126.754		1085.9	124.997		0.106500197	116.2911885		0.246159423	120.6777815		0.147894515	116.4661661
2766.2	126.249		1155	123.582		0.111568665	117.5536053		0.263929643	120.5146514		0.154297781	115.6305518
3063.1	126.507		1191.1	122.167		0.117754932	118.1642076		0.282563955	120.7151578		0.155590523	119.6391238
3264.7	124.476		1267.1	123.114		0.121697914	119.2063374		0.287300859	122.4864911		0.158799284	118.1001434
3638.2	124.735		1307	125.476		0.123259907	116.7670346		0.290059564	125.8942122		0.159180866	119.0990688
4028.7	122.959		1348.2	126.894		0.125418156	115.6823104		0.290810944	124.2921692		0.165597492	116.6053518
4212.5	124.486		1412	125.951		0.130985644	117.1222615		0.291878305	126.9299638		0.16766219	119.9041134
4489.7	122.963		1479.1	127.37		0.136346259	117.765517		0.293434992	129.0155201		0.170563299	118.2907222
4940	122.713		1549.4	128.788		0.139037456	116.5458288		0.293844224	130.8013773		0.171046879	121.4034525
5332.6	122.207		1607	130.295		0.144822612	114.6848453		0.29483667	131.5646349		0.176811189	116.3410293
5756.4	120.177		1682	133.854		0.147689352	116.9122417		0.297534007	133.8371152		0.178621308	120.4391305
6174.3	119.418		1749.2	138.938		0.149689601	113.8094521		0.300413908	136.897807		0.181841582	118.6107637
6665	118.15		1772.6	145.038		0.150505848	119.0790974		0.303627297	139.4168282		0.188051162	119.6280405
7287	118.915		1838.4	147.213		0.150766519	123.3444684		0.310668301	141.2906704		0.19451968	118.514798
7766	119.172		1867.2	148.631		0.151510951	115.2501007		0.318837085	130.9556558		0.201442141	119.2199767
8277	118.666		1896	146.27		0.151525204	121.4508279		0.318984794	132.5688813		0.207148684	117.8579683
8878	119.177		1925.2	143.909		0.157047628	117.5288979		0.319165882	134.5456505		0.220851466	119.6186366
9463	118.417		1954.9	141.548		0.158420833	119.6892996		0.319322075	136.249762		0.221872735	117.7671957
10280	118.928		1985	139.187		0.162699986	116.5620132		0.319480429	137.9765949		0.224918166	115.8205802
10956	118.93		2015.4	134.465		0.166453235	117.8409721		0.32053548	129.21485		0.22782814	114.3201851
11979	118.68		2015.7	134.456		0.169879101	119.6001265		0.322100429	125.9335275		0.229953655	120.289675
13180	119.191		2046.5	132.577		0.170120063	121.5616121		0.322251752	127.5694744		0.234661218	116.0225966
14502	119.195		2110.4	130.217		0.176591519	117.3375224		0.328416865	123.8419797		0.238191943	118.3455505
15555	119.197		2110.4	130.216		0.178984875	119.229687		0.332538814	122.2961632		0.241044211	121.7696593
17335	119.456		2210.3	128.329		0.186606127	117.1657362		0.355341194	123.8525189		0.24920253	120.284973
18953	119.459		2314.8	126.442		0.190019254	115.4305942		0.367921731	123.5626736		0.254116876	118.6958721
20987	118.7		2462.2	125.027		0.201071363	115.4520846		0.37392082	125.9096538		0.255531187	117.2036946
23992	118.197		2578.6	123.14		0.209576598	114.2890383		0.392710952	127.9725825		0.260532333	115.8801482
26738	117.439		2742.8	121.725		0.211456599	117.9321784		0.421161666	128.644467		0.262388975	119.8779167
29608	116.172		2828.6	120.309		0.21262475	119.6137117		0.450221066	128.2202099		0.266780628	117.4465709
33206	115.159		2917.6	121.727		0.213646927	116.0214381		0.479647982	126.9678367		0.27294517	118.925402
36305	114.146		3008.7	119.367		0.22313089	119.1651977		0.51144121	125.9725831		0.27803606	121.6253705
39946	112.625		3055.2	117.479		0.224820922	117.387163		0.544756131	124.9154236		0.29955207	121.1548193
44801	111.105		3102.6	117.007		0.232485214	115.8597672		0.580624166	124.5206023		0.302829	133.2535774
48671	110.091		3200.3	118.897		0.239654909	114.8108558		0.599468617	123.2955403		0.303282715	128.3455664
53553	109.078		3250.1	118.425		0.239915259	117.8814462		0.604067447	129.6685771		0.303358514	135.2229658
58924	107.811		3352.3	119.843		0.240774487	115.9786378		0.610704958	127.2412425		0.303414518	129.9815155
65670	106.545		3457	117.483		0.241363017	119.7814994		0.629517259	124.9400149		0.303542786	131.2084716
72250	104.515		3565.4	117.012		0.252357784	118.0100129		0.635178228	122.3794942		0.30362651	123.9829016
79000	104.01		3677.6	118.902		0.255416831	119.6014608		0.667818669	121.4601145		0.303980922	126.2322983
85820	102.997		3911.9	118.432		0.269026343	118.1080804		0.709208773	121.7065378		0.304301299	136.0308651
93830	104.016		4034.2	116.544		0.271127837	115.4409911		0.751074911	122.9140463		0.305282425	137.242798
			4096.8	115.6		0.272192322	119.8888468		0.758439258	121.7232686		0.306266714	138.4547309
			4225.9	118.438		0.272485708	116.286341		0.8079182	120.9883411		0.313479421	139.5308105
			4226	118.435		0.276582098	121.4353626		0.863980211	120.9224482		0.319978922	123.1618461
			4358.1	116.547		0.281149684	116.9220212		0.884103749	120.1371971		0.324078414	136.5215596
			4425.8	116.075		0.281257675	115.6377946		0.926441491	121.1001405		0.324277644	138.9073197
			4635.6	115.605		0.282448317	118.264925		0.95185173	119.9040368		0.324800351	134.2719646
			4781.2	116.078		0.287815056	119.9422606		0.99666005	120.4778324		0.327429402	131.1780955
			4931.1	115.607		0.297226986	120.8365117		1.024228337	119.6855155		0.32804554	128.4091413
			5165.5	117.498		0.29774339	122.4776028		1.085230419	119.7016075		0.332568505	125.6135506
			5409.9	115.611		0.298949312	123.8529028		1.106677976	118.4540061		0.335688279	121.3867371
			5493.8	114.667		0.30021345	125.3786914		1.158165829	117.1970991		0.339936852	121.7482934
			5666.8	116.557		0.300672871	126.9665838		1.187446811	119.1315418		0.343610664	119.1887421
			5755.4	117.502		0.30194746	129.5742562		1.208722114	120.1926129		0.34598782	120.0216575
			5935.3	115.614		0.302073985	128.1732817		1.266840523	117.809888		0.36712849	121.8294459
			6313.4	115.144		0.302686625	131.4501873		1.267353006	119.2186201		0.370467428	120.5857056
			6820	114.674		0.308843672	133.0392061		1.358710113	118.7146677		0.381423164	122.8189993
			7034	113.731		0.313838107	134.4411769		1.363571367	120.050882		0.385992825	124.2997842
			7368	114.677		0.315469401	122.6886587		1.452570013	118.557388		0.393245633	123.5092052
			7482	114.206		0.315752211	130.861212		1.475090975	117.4828799		0.397062204	121.8131758
			7837	115.152		0.315884521	129.4602375		1.556326417	120.5818689		0.397465779	126.318273
			8208	113.737		0.316016887	128.059263		1.559107301	118.7672124		0.402087688	126.5869571
			8465	112.321		0.316263381	125.4518938		1.607451938	117.1540671		0.404106128	124.0277416
			8732	114.684		0.317707567	126.9699194		1.708695372	115.8772585		0.406645574	125.0564635
			9006	113.74		0.319593198	123.934778		1.71521421	117.5714378		0.422888523	122.6513352
			9288	112.797		0.325488431	120.6881119		1.77541736	115.0998777		0.427856695	122.9469601
			9580	114.215		0.334742678	122.2363671		1.844907724	116.943946		0.438149339	124.6582534
			9728	113.271		0.339517971	119.3851891		1.890680793	115.5402487		0.438186971	126.0432078
			9880	114.216		0.349018443	117.5655598		1.98527535	116.8747373		0.443316686	126.5812475
			10189	112.328		0.356116133	121.5214188		1.987681351	114.3449653		0.456544364	126.1857869
			10348	111.856		0.359083835	119.6609971		2.110851028	114.5535194		0.45862493	121.7774787
			10510	114.218		0.37179179	120.6360188		2.111842705	116.1894664		0.465375208	124.0806214
			10675	116.58		0.374491149	123.8594639		2.172370325	113.3873434		0.466431799	123.6153116
			10841	116.581		0.374648786	121.8428986		2.258429287	117.4624472		0.479564929	128.8186462
			11007	114.233		0.391352227	125.085351		2.26864324	115.9580585		0.480258517	125.3644447
			11009	114.22		0.398476583	123.3935682		2.320633282	113.8966173		0.498323912	127.4985335
			11177	109.97		0.403912179	128.3465336		2.340084495	112.1194954		0.500390118	124.5574327
			11353	112.332		0.40408143	126.9455591		2.481378645	115.0257637		0.531943396	122.9957851
			11530	113.749		0.412680685	123.5416257		2.485155441	113.3819099		0.535225459	122.7991839
			11708	111.388		0.413162817	125.221599		2.537619184	112.106965		0.549906368	126.4021227
			11889	109.972		0.428811495	126.9547141		2.656141506	113.7675357		0.566166567	120.8887424
			12455	111.863		0.42985234	128.8562177		2.703717399	111.9747158		0.56880607	122.6283162
			13047	113.282		0.443320719	130.5592993		2.863206928	113.4904825		0.587835884	119.8270573
			13248	110.921		0.454170414	126.291049		2.886753473	111.6495322		0.609150143	121.2545041
			13454	111.394		0.456602868	128.0107812		3.050714359	113.7594346		0.624530109	119.1691258
			13876	110.922		0.469013805	131.2354117		3.0693268	110.6507274		0.643018881	124.6206675
			14314	113.285		0.469210336	129.8344372		3.106674154	112.2859945		0.650605372	118.2351367
			14763	113.758		0.481344586	128.2209411		3.28787008	110.2228382		0.655809087	120.3387157
			15225	112.815		0.494653053	124.1363424		3.316370153	113.0456287		0.665500693	122.8463518
			15702	111.872		0.494936193	126.4872972		3.325521045	111.8457529		0.665652989	122.3823878
			15947	112.344		0.495764716	130.0323526		3.515586094	109.7293683		0.689319915	119.3602753
			16195	111.873		0.503427359	123.4174484		3.573856887	112.0362993		0.717270694	122.5126995
			16703	112.346		0.511143001	128.3997018		3.596730785	108.2283904		0.733945404	119.6504757
			17498	114.237		0.520743427	126.4861284		3.796857569	108.8387136		0.742161057	117.9320514
			17771	115.182		0.524645499	124.9766137		3.814345464	110.3835318		0.74244147	122.6453623
			18612	113.767		0.530218653	123.1481702		3.816137442	112.0194788		0.78187859	122.9116953
			18902	113.295		0.556331951	124.3315523		3.936953894	113.1201773		0.781977307	117.7472197
			19800	114.714		0.556972187	126.0698995		4.064462444	108.9028955		0.788321589	118.8979884
			21060	113.769		0.580220183	123.3520999		4.090262918	110.6975529		0.834728057	122.4241061
			21060	113.771		0.586353666	121.6948866		4.235373665	107.7611469		0.841289576	118.4080745
			22061	114.718		0.588644027	125.4116638		4.364452852	112.1713868		0.876757427	121.8275552
			22750	112.83		0.594288106	127.0078246		4.372341114	110.1596883		0.902119578	121.1524866
			23463	112.359		0.60143424	120.5435175		4.488800545	106.5658236		0.902326603	118.894416
			25346	111.889		0.617591763	123.2741531		4.564702902	108.282616		0.903376655	117.1609941
			26139	110.001		0.635765611	120.7180225		4.67485424	110.3534556		0.923043589	121.0164653
			28237	109.532		0.651822158	119.5560125		4.843053686	106.2147098		0.927569571	118.0532162
			28678	110.477		0.657837516	122.3439745		4.888994996	108.442199		0.94883345	116.5543701
			30035	109.062		0.684531251	123.3582153		4.919082723	105.5175358		0.955398494	121.0144502
			30504	109.535		0.687269085	121.1791238		5.064832761	110.5465201		0.96971328	118.1379471
			30974	107.174		0.688786371	119.3890908		5.215972664	107.1841653		1.000154679	120.4730518
			31944	106.23		0.691102765	118.2140108		5.21878058	109.0586879		1.039786293	118.2077123
			32947	106.704		0.71946945	117.7260957		5.241556614	110.0057935		1.059305436	120.6043712
			35045	105.761		0.731235314	120.4434606		5.270282189	105.6644403		1.096392063	120.6358515
			36705	104.819		0.733149439	118.8813928		5.562793435	108.7073094		1.109832171	116.7983893
			37279	105.764		0.76933713	118.1212645		5.592877962	107.2482501		1.167607711	119.6559165
			39044	104.349		0.776914884	118.8515452		5.79823357	105.8518445		1.20848845	119.5192235
			40892	102.933		0.778256193	120.6984221		6.060043061	107.2844571		1.209069025	117.1991276
			42176	103.407		0.804868682	117.9196849		6.06313331	105.0111045		1.272533502	119.3815229
			42829	101.991		0.819900067	123.0578043		6.429145517	106.7174966		1.296300838	116.8996687
			44177	103.409		0.824449594	121.3068894		6.437665034	108.4377891		1.317138872	119.3795078
			46988	101.994		0.827863332	119.4558183		6.538850084	104.9139054		1.355554485	119.5125064
			49980	101.052		0.872684057	118.8118812		6.810796215	105.1235928		1.389935047	116.8728675
			51550	101.525		0.875738129	120.5322092		6.854521769	107.1681866		1.403069941	119.5104913
			53988	99.638		0.930450066	118.9208358		6.857473608	108.6678046		1.426345173	116.8159262
			55678	98.222		0.934682559	120.4972354					1.468854344	119.1037708
			57426	98.696		0.987430371	121.2010582					1.496707736	115.9672378
			59223	97.28		0.987844135	119.8000838					1.529096161	119.1014198
			62026	95.865		0.988404716	117.9029308					1.560545434	115.2301211
			65970	94.922		1.045734746	117.8333748					1.594504162	115.9786835
			65980	94.922		1.051391403	119.9736756					1.617668943	118.9771264
			71270	94.453		1.081965451	117.0230511					1.651726026	114.6133092
			72380	94.926		1.114618932	118.1145174					1.734459591	118.8367178
			74640	92.566		1.116926944	119.5740174					1.742795849	115.2918261
			76980	92.094		1.165273097	120.2770822					1.795040871	117.6105593
			79400	92.568		1.174573292	117.1486637					1.80391229	114.7819881
						1.183400853	118.9159334					1.847609264	118.1475915
						1.243533407	117.3544837					1.890148753	114.5599789
						1.274971135	120.9830278					1.970688251	118.1816761
						1.294906386	116.0104174					1.977263815	114.3725808
						1.294956116	119.2327194					2.001648986	117.0654665
						1.326684865	117.2661134					2.049773093	113.5100309
						1.367796798	120.5202817					2.129848364	113.2907917
						1.380697354	118.9122945					2.134582557	117.0522709
						1.383243737	116.4736285					2.20983645	112.2104866
						1.43110538	117.6042707					2.257992699	116.7890578
						1.458290228	118.5004929					2.323040652	115.7099556
						1.482436841	116.0769789					2.360937969	112.0726454
						1.535271766	119.5932732					2.377197639	115.9779679
						1.542341664	117.6321515					2.452220156	110.2957623
						1.569846331	115.4850217					2.453068141	111.500001
						1.631387546	117.5732823					2.456190613	115.9306908
						1.656954479	115.8327029					2.572802615	111.3942183
						1.701989058	114.4943546					2.617761951	115.1316991
						1.717097013	113.8792987					2.69161745	110.8129169
						1.74125423	117.4215606					2.8065731	114.7640756
						1.808790932	115.0605611					2.835201685	109.6226595
						1.840162376	116.9579048					2.938085186	113.8106953
						1.917129073	113.9638019					2.976920323	109.4528008
						1.921600042	115.4816928					3.02307581	113.1356267
						1.983950787	116.6666921					3.072274472	109.3636387
						2.034241126	114.8624742					3.201865377	113.266946
						2.056719711	113.4815978					3.238597154	112.9969185
						2.10464223	111.8484922					3.240353938	109.2115338
						2.161540409	114.7883148					3.351469785	112.321514
						2.192059663	113.3770446					3.444820198	108.0101428
						2.233111482	111.9623424					3.493741012	108.2641725
						2.319237567	113.8585772					3.498564696	113.0697667
						2.367229221	112.3809838					3.56943188	111.7791081
						2.380291979	110.7322233					3.714674993	110.6993342
						2.463229331	113.4730565					3.723600169	107.499263
						2.514478558	111.6257615					3.888691053	110.1579358
						2.628703843	110.4959756					3.99269293	107.5860693
						2.667658932	112.5216444					4.118037524	109.7505437
						2.78291403	110.8496762					4.275921083	106.2414705
						2.816461305	109.3122204					4.386701198	109.8815271
						2.835143884	112.3335265					4.435358528	105.3395433
						2.838858079	107.9554812					4.461368428	108.6684187
						2.974483523	111.0521807					4.643623331	108.1273562
						2.985574767	109.3762097					4.689809062	105.281748
						3.156928732	108.8375342					4.833136788	107.4516159
						3.160447715	110.4971193					4.885181222	104.7573867
						3.349248834	107.9363012					4.982132168	103.8653242
						3.364513485	109.4835138					5.029606608	106.237164
						3.435214087	106.9551895					5.079407745	102.5050124
						3.537241158	109.6032941					5.20449758	105.2924038
						3.574233854	108.319674					5.347550899	104.3002769
						3.586685308	105.9978569					5.40949558	102.4786079
						3.744465042	107.2328237					5.422444336	100.6834405
						3.905729675	106.1067927					5.542113679	104.2112864
						3.951838256	107.5474196					5.667416438	102.7485459
						4.115954298	105.5067578					5.682465162	101.862238
						4.175720912	107.5585385						
						4.222544421	103.7765138						
						4.287684202	102.8434406						
						4.388975715	105.1798536						
						4.457569935	106.9320421						
						4.570990317	103.3259883						
						4.642337356	105.144334						
						4.834802819	103.3293846						
						4.946767983	104.9535952						
						5.039403882	102.1060185						
						5.168145911	103.7498286						
						5.315710056	100.8198107						
						5.370072921	104.0245652						
						5.381427427	102.5458598						
						5.620392861	102.451198						
						5.623552871	100.5715573						
						5.823735634	100.8772244						
